[gd_resource type="Skin" load_steps=0 format=3 uid="uid://dioukvu81vvga"]

[resource]
resource_name = "Skin"
bind_count = 11
bind/0/name = &"Bone"
bind/0/bone = -1
bind/0/pose = Transform3D(1, -5.2968826e-14, -1.4080683e-16, -1.4080681e-16, -0.005316554, 0.9999859, -5.2968826e-14, -0.99998593, -0.005316554, 1.3549372e-13, -0.38972503, 2.5697896)
bind/1/name = &"Bone.001"
bind/1/bone = -1
bind/1/pose = Transform3D(1, -9.503914e-07, 7.919928e-08, -7.1054274e-15, 0.08304548, 0.99654573, -9.536856e-07, -0.99654585, 0.083045475, 2.274372e-06, -2.1992834, 2.3848238)
bind/2/name = &"Bone.002"
bind/2/bone = -1
bind/2/pose = Transform3D(1, -1.4254081e-06, -1.2079731e-07, 1.4210855e-14, -0.0844431, 0.99642825, -1.4305176e-06, -0.9964284, -0.08444309, 4.156394e-06, -2.8756156, 2.905518)
bind/3/name = &"Bone.005"
bind/3/bone = -1
bind/3/pose = Transform3D(0.7131738, 0.42979372, -0.55376923, 0.5161631, -0.8564903, -3.129243e-07, -0.47429815, -0.28583524, -0.83267, 0.5826596, 2.2716825, 3.3483078)
bind/4/name = &"Bone.006"
bind/4/bone = -1
bind/4/pose = Transform3D(0.83200455, -0.033280123, -0.5537695, -0.03996815, -0.9992008, -3.1106163e-07, -0.553327, 0.022133255, -0.83266973, 1.1845671, 1.5079874, 2.948007)
bind/5/name = &"Bone.007"
bind/5/bone = -1
bind/5/pose = Transform3D(0.78618824, -0.39052498, 0.47895545, -0.4448706, -0.8955949, -1.6391277e-07, 0.42895013, -0.2130731, -0.87783915, -0.45408967, 2.3753996, 3.2958272)
bind/6/name = &"Bone.008"
bind/6/bone = -1
bind/6/pose = Transform3D(0.8777832, -0.009918538, 0.47895548, -0.011298699, -0.99993634, -1.7927961e-07, 0.47892493, -0.005411406, -0.8778391, -0.9578454, 1.4586866, 3.0209744)
bind/7/name = &"Bone.003"
bind/7/bone = -1
bind/7/pose = Transform3D(-1.2995213e-07, 5.361366e-08, 1.0000001, 0.58177245, -0.81335163, 8.315588e-08, 0.8133517, 0.5817723, 1.3803208e-08, -0.40338206, 2.0884278, -1.4938058)
bind/8/name = &"Bone.010"
bind/8/bone = -1
bind/8/pose = Transform3D(-0.0054065217, -0.0648569, 0.9978801, -0.084365435, -0.99430716, -0.0650818, 0.9964204, -0.08453847, -9.601146e-05, -0.30412415, 1.5360268, -0.673474)
bind/9/name = &"Bone.004"
bind/9/bone = -1
bind/9/pose = Transform3D(-2.4022927e-07, -4.637649e-09, -1.0000001, -0.47928813, -0.87765765, 1.3926802e-07, -0.87765765, 0.47928813, 2.550233e-07, 0.403382, 2.2535448, -1.2306591)
bind/10/name = &"Bone.009"
bind/10/bone = -1
bind/10/pose = Transform3D(-4.081884e-07, 0.11845811, -0.9929591, 4.1344837e-08, -0.992959, -0.11845813, -1, -5.3837482e-08, 4.5128542e-07, 0.22594678, 1.5113018, -0.5973155)
